1
 0.0571083
-0.0491768
 -0.480758
0.99836167 0.00590563 -0.05691307
0.00055540 0.99361235 0.11284583
0.05721595 -0.11269256 0.99198121
0.09351004
2
 0.0755926
-0.0264665
 -0.483086
0.99769429 0.00338828 -0.06778370
0.00340267 0.99499970 0.09981993
0.06778298 -0.09982042 0.99269399
0.09437746
3
 0.0677978
-0.0215735
 -0.482068
0.99810348 -0.00193447 -0.06152798
0.00775961 0.99548727 0.09457735
0.06106736 -0.09487542 0.99361433
0.09375956
4
 0.0681333
-0.0183586
 -0.483129
0.99800961 -0.00148216 -0.06304455
0.00729016 0.99573273 0.09199555
0.06263917 -0.09227205 0.99376164
0.08770749
5
 0.0653853
-0.0343415
 -0.482145
0.99822477 -0.00001256 -0.05955923
0.00699706 0.99309988 0.11706269
0.05914679 -0.11727161 0.99133699
0.08885669
6
 0.0616955
-0.0388764
 -0.482572
0.99853535 0.00121242 -0.05408965
0.00518282 0.99300755 0.11793702
0.05385442 -0.11804462 0.99154686
0.10103763
7
0.0595158
-0.038001
-0.483626
0.99862940 0.00192524 -0.05230306
0.00387571 0.99385936 0.11058274
0.05219479 -0.11063389 0.99248972
0.09342425
8
 0.0594303
-0.0320062
 -0.483134
0.99846760 0.00239062 -0.05528779
0.00289718 0.99543826 0.09536395
0.05526356 -0.09537800 0.99390592
0.09195765
9
  0.060372
-0.0323803
 -0.483158
0.99827612 0.00356644 -0.05858385
0.00231802 0.99497759 0.10007113
0.05864651 -0.10003442 0.99325410
0.09341558
10
 0.0621751
-0.0245492
 -0.482998
0.99792199 -0.00164331 -0.06441267
0.00667840 0.99692848 0.07803204
0.06408660 -0.07830006 0.99486783
0.09833533
11
0.0585395
-0.023483
 -0.48327
0.99872920 -0.00306248 -0.05030504
0.00731067 0.99639809 0.08448315
0.04986512 -0.08474355 0.99515426
0.09831057
12
 0.0577104
-0.0277649
 -0.483471
0.99871255 -0.00226539 -0.05067646
0.00762825 0.99434920 0.10588429
0.05015023 -0.10613454 0.99308631
0.09069127
13
 0.0585489
-0.0338175
  -0.48341
0.99837698 -0.00246659 -0.05689755
0.00961496 0.99202076 0.12570743
0.05613348 -0.12605048 0.99043440
0.09999182
14
 0.0613084
-0.0327648
 -0.483174
0.99763422 0.00038688 -0.06874458
0.00726628 0.99378910 0.11104243
0.06836058 -0.11127925 0.99143520
0.09419055
15
 0.0603959
-0.0317568
 -0.483144
0.99818849 -0.00014146 -0.06016415
0.00633267 0.99468942 0.10272708
0.05983011 -0.10292199 0.99288842
0.09323802
16
 0.0620256
-0.0271731
 -0.482994
0.99773173 0.00011744 -0.06731548
0.00537773 0.99666324 0.08144610
0.06710043 -0.08162336 0.99440191
0.09687023
17
  0.064085
-0.0239042
 -0.482841
0.99722324 -0.00101350 -0.07446332
0.00658087 0.99719486 0.07455942
0.07417887 -0.07484242 0.99443256
0.10239831
18
 0.0628855
-0.0182281
 -0.482824
0.99762570 -0.01798887 -0.06647822
0.02146707 0.99841724 0.05198256
0.06543789 -0.05328623 0.99643287
0.11453541
19
 0.0624108
-0.0188286
 -0.483178
0.99809917 -0.01150922 -0.06054415
0.01613662 0.99693857 0.07650559
0.05947827 -0.07733715 0.99522927
0.09607221
20
 0.0653277
-0.0173329
 -0.483163
0.99691972 -0.00719048 -0.07809849
0.01323227 0.99693388 0.07712158
0.07730449 -0.07791745 0.99395819
0.09976881
21
 0.0656172
-0.0167121
 -0.483495
0.99744658 -0.00689805 -0.07108262
0.01267683 0.99661971 0.08116932
0.07028243 -0.08186316 0.99416236
0.09912874
22
0.0646811
-0.017019
-0.483651
0.99807155 -0.00737597 -0.06163425
0.01285556 0.99594980 0.08898728
0.06072825 -0.08960801 0.99412398
0.09351957
23
0.0638457
-0.020091
-0.483837
0.99849468 -0.00381429 -0.05471586
0.00992622 0.99367315 0.11187109
0.05394297 -0.11224581 0.99221522
0.09801894
24
 0.0648336
-0.0188542
 -0.483967
0.99793224 -0.00200235 -0.06424355
0.00816253 0.99537007 0.09576948
0.06375435 -0.09609584 0.99332823
0.08984293
25
0.0640807
-0.019151
   -0.484
0.99837077 0.00097531 -0.05705133
0.00464099 0.99515316 0.09822755
0.05687062 -0.09833229 0.99352730
0.08710954
26
 0.0631858
-0.0177757
 -0.483757
0.99865127 0.00213830 -0.05187549
0.00237757 0.99621992 0.08683446
0.05186508 -0.08684068 0.99487120
0.09161115
27
 0.0648809
-0.0156215
 -0.483707
0.99753645 0.00118639 -0.07013999
0.00395652 0.99731390 0.07313910
0.07003836 -0.07323643 0.99485228
0.10061848
28
  0.063573
-0.0201264
 -0.483753
0.99859717 0.00348071 -0.05283534
0.00291308 0.99271437 0.12045617
0.05286967 -0.12044110 0.99131163
0.10056405
29
 0.0629588
-0.0208269
 -0.483816
0.99870524 0.00595473 -0.05052112
-0.00011084 0.99337771 0.11489437
0.05087072 -0.11474001 0.99209218
0.09436926
30
 0.0639261
-0.0198569
 -0.484024
0.99792500 0.00303401 -0.06431559
0.00318348 0.99534251 0.09634917
0.06430836 -0.09635399 0.99326751
0.10072914
31
 0.0635054
-0.0195183
 -0.483821
0.99826181 0.00155927 -0.05891453
0.00394511 0.99563977 0.09319805
0.05880297 -0.09326848 0.99390301
0.09173594
32
 0.0628746
-0.0198992
 -0.483799
0.99856022 -0.00113047 -0.05363038
0.00638352 0.99517781 0.09787941
0.05326112 -0.09808083 0.99375218
0.08897929
33
 0.0629833
-0.0185692
 -0.483921
0.99839219 -0.00167796 -0.05665879
0.00647573 0.99639384 0.08460128
0.05631251 -0.08483216 0.99480270
0.09319490
34
0.0627953
-0.018861
-0.484193
0.99841412 0.00082846 -0.05628992
0.00442892 0.99563670 0.09320919
0.05612153 -0.09331068 0.99405407
0.09309800
35
 0.0625546
-0.0178321
 -0.484064
0.99842542 -0.00030995 -0.05609449
0.00503350 0.99644584 0.08408539
0.05586906 -0.08423534 0.99487841
0.09075240
36
0.0629566
-0.017582
-0.484121
0.99805244 0.00081607 -0.06237515
0.00457571 0.99626307 0.08624939
0.06221244 -0.08636683 0.99431905
0.09468940
37
 0.0634452
-0.0150504
 -0.483986
0.99772890 -0.00231543 -0.06731780
0.00652860 0.99802774 0.06243398
0.06704047 -0.06273168 0.99577624
0.10754312
38
 0.0625862
-0.0159913
 -0.483992
0.99854132 0.00047849 -0.05399074
0.00430026 0.99607937 0.08835952
0.05382134 -0.08846281 0.99462435
0.08894026
39
 0.0623934
-0.0144315
 -0.483977
0.99850293 0.00303049 -0.05461433
0.00099361 0.99729437 0.07350482
0.05468932 -0.07344905 0.99579833
0.09785712
40
0.0619779
-0.013728
-0.483844
0.99863734 0.00065338 -0.05218265
0.00327204 0.99717036 0.07510373
0.05208406 -0.07517214 0.99580942
0.09469521
41
 0.0617236
-0.0143614
 -0.483892
0.99858891 -0.00278544 -0.05303237
0.00761373 0.99581618 0.09106129
0.05255684 -0.09133657 0.99443220
0.08869850
42
 0.0623875
-0.0141706
 -0.483934
0.99791410 0.00160317 -0.06453591
0.00419199 0.99597243 0.08956193
0.06441957 -0.08964565 0.99388821
0.09553459
43
 0.0612673
-0.0169925
 -0.483929
0.99891284 0.00337626 -0.04649444
0.00253400 0.99196659 0.12647479
0.04654794 -0.12645510 0.99087961
0.10771249
44
 0.0614001
-0.0169586
 -0.484016
0.99854430 -0.00059959 -0.05393444
0.00655772 0.99386993 0.11036101
0.05353765 -0.11055405 0.99242709
0.09566233
45
0.0613265
-0.017615
  -0.4841
0.99847624 -0.00004584 -0.05518336
0.00618094 0.99379994 0.11101111
0.05483613 -0.11118304 0.99228591
0.09267113
46
 0.0620705
-0.0174306
 -0.484199
0.99774503 -0.00410549 -0.06699258
0.01075219 0.99501351 0.09915902
0.06625143 -0.09965574 0.99281392
0.09805438
47
 0.0631166
-0.0183563
 -0.484207
0.99698874 -0.00197069 -0.07752135
0.01043785 0.99399013 0.10897093
0.07684071 -0.10945194 0.99101755
0.10568629
48
 0.0637267
-0.0170512
 -0.484185
0.99702212 0.00134280 -0.07710443
0.00512602 0.99648304 0.08363772
0.07694556 -0.08378389 0.99350875
0.09770974
49
 0.0631752
-0.0177887
 -0.484182
0.99820123 0.00099925 -0.05994411
0.00495468 0.99506577 0.09909373
0.05974735 -0.09921249 0.99327093
0.08756327
50
 0.0634774
-0.0180276
 -0.484117
0.99785489 0.00190778 -0.06543684
0.00469480 0.99491608 0.10059802
0.06529608 -0.10068943 0.99277291
0.09059011
51
 0.0632633
-0.0187956
 -0.483999
0.99820250 0.00426031 -0.05977975
0.00235214 0.99391671 0.11010922
0.05988519 -0.11005191 0.99212012
0.09230012
52
 0.0633284
-0.0177144
 -0.483926
0.99810192 0.00054151 -0.06158137
0.00475246 0.99630207 0.08578806
0.06140011 -0.08591789 0.99440844
0.09451179
53
 0.0631108
-0.0187307
 -0.483862
0.99834227 0.00075475 -0.05755122
0.00534542 0.99437649 0.10576780
0.05730741 -0.10590010 0.99272405
0.08785706
54
 0.0631314
-0.0192379
  -0.48385
0.99824858 -0.00150187 -0.05913978
0.00789955 0.99410922 0.10809463
0.05862905 -0.10837249 0.99237999
0.09068572
55
 0.0631745
-0.0207497
 -0.483828
0.99822518 0.00655328 -0.05919073
0.00094630 0.99205591 0.12579415
0.05954488 -0.12562690 0.99028899
0.11069350
56
 0.0630516
-0.0202238
 -0.483715
0.99831492 0.00424128 -0.05787334
0.00171764 0.99472859 0.10252848
0.05800312 -0.10245512 0.99304511
0.09227498
57
0.0632233
-0.019725
  -0.4837
0.99807516 0.00326202 -0.06193001
0.00237734 0.99586916 0.09076876
0.06197027 -0.09074127 0.99394452
0.09199042
58
 0.0631945
-0.0202088
 -0.483796
0.99816819 0.00302073 -0.06042474
0.00310038 0.99488649 0.10095177
0.06042071 -0.10095419 0.99305468
0.09473266
59
 0.0629342
-0.0198598
 -0.483744
0.99843560 0.00409075 -0.05576393
0.00113656 0.99562921 0.09338733
0.05590222 -0.09330462 0.99406699
0.09094594
60
 0.0632045
-0.0201237
 -0.483769
0.99802269 -0.00184812 -0.06282757
0.00806309 0.99507342 0.09881230
0.06233543 -0.09912350 0.99312075
0.09325580
61
 0.0632268
-0.0212622
 -0.483815
0.99807590 -0.00186901 -0.06197590
0.00914635 0.99304876 0.11734777
0.06132576 -0.11768883 0.99115513
0.10839373
62
 0.0632878
-0.0208422
  -0.48385
0.99803150 -0.00395405 -0.06258989
0.01015910 0.99502232 0.09913315
0.06188636 -0.09957386 0.99310378
0.09021592
63
 0.0630107
-0.0214306
 -0.483921
0.99841010 0.00113647 -0.05635581
0.00502953 0.99401263 0.10914941
0.05614243 -0.10925931 0.99242654
0.09002300
64
 0.0630566
-0.0214241
 -0.483896
0.99824850 0.00136002 -0.05914455
0.00471834 0.99472077 0.10251017
0.05897173 -0.10260968 0.99297210
0.09493650
65
 0.0624136
-0.0221619
 -0.483905
0.99891431 0.00182739 -0.04654948
0.00352292 0.99340581 0.11459708
0.04645194 -0.11463665 0.99232084
0.09613951
66
 0.0621909
-0.0227904
 -0.483981
0.99866941 -0.00928559 -0.05072654
0.01513024 0.99312457 0.11608045
0.04929990 -0.11669350 0.99194362
0.11286160
67
 0.0623172
-0.0225366
 -0.484022
0.99833301 -0.00595987 -0.05740806
0.01178048 0.99475636 0.10159237
0.05650155 -0.10209931 0.99316832
0.09128093
68
 0.0616068
-0.0229419
  -0.48405
0.99908342 0.00036235 -0.04280396
0.00428905 0.99408441 0.10852556
0.04259008 -0.10860968 0.99317170
0.09459556
69
 0.0620392
-0.0221492
 -0.484114
0.99824117 -0.00161304 -0.05926180
0.00670359 0.99628971 0.08580140
0.05890352 -0.08604775 0.99454822
0.09682342
70
 0.0613599
-0.0224986
 -0.484139
0.99903864 -0.00199083 -0.04379298
0.00631959 0.99507422 0.09893104
0.04338032 -0.09911268 0.99413018
0.09249888
71
 0.0613008
-0.0223727
  -0.48413
0.99878006 0.00121835 -0.04936507
0.00354736 0.99534240 0.09633752
0.04925252 -0.09639511 0.99412382
0.09055934
72
 0.0619276
-0.0221964
 -0.484137
0.99766926 0.00017656 -0.06823498
0.00617198 0.99566403 0.09281725
0.06795550 -0.09302206 0.99334231
0.09469861
73
 0.0621462
-0.0216936
 -0.484069
0.99764181 0.00079261 -0.06863079
0.00500457 0.99643158 0.08425594
0.06845266 -0.08440071 0.99407784
0.09520703
74
 0.0623267
-0.0227177
  -0.48411
0.99769918 0.00207090 -0.06776467
0.00556526 0.99365834 0.11230370
0.06756750 -0.11242244 0.99136059
0.09968261
75
 0.0624203
-0.0226763
 -0.484123
0.99781931 -0.00286738 -0.06594244
0.00966106 0.99464087 0.10293787
0.06529389 -0.10335047 0.99249957
0.09427010
76
 0.0627108
-0.0226261
  -0.48411
0.99762634 0.00031203 -0.06885924
0.00658690 0.99497176 0.09993903
0.06854418 -0.10015537 0.99260798
0.08990822
77
0.0630289
-0.021438
-0.484075
0.99735356 -0.00293846 -0.07264458
0.00813767 0.99741610 0.07137859
0.07224714 -0.07178084 0.99480041
0.10331351
78
 0.0632431
-0.0215582
 -0.484142
0.99745837 0.00136712 -0.07123857
0.00483473 0.99621296 0.08681223
0.07108747 -0.08693600 0.99367434
0.09884843
79
 0.0634528
-0.0208724
 -0.484126
0.99752642 0.00059683 -0.07029000
0.00473595 0.99712112 0.07567717
0.07013281 -0.07582286 0.99465184
0.10297932
80
0.0636613
-0.020894
-0.484169
0.99754019 0.00679854 -0.06976641
-0.00074183 0.99625373 0.08647521
0.07009295 -0.08621074 0.99380817
0.10090843
81
 0.0634381
-0.0221463
 -0.484155
0.99820919 0.00540200 -0.05957537
0.00181964 0.99271130 0.12050300
0.05979210 -0.12039561 0.99092371
0.10532999
82
 0.0635464
-0.0225109
 -0.484202
0.99805515 0.00097055 -0.06232955
0.00632345 0.99314484 0.11671910
0.06201556 -0.11688623 0.99120718
0.10031353
83
 0.0639665
-0.0219057
 -0.484239
0.99734738 -0.00429147 -0.07266212
0.01101782 0.99565875 0.09242441
0.07195004 -0.09297982 0.99306493
0.09612187
84
 0.0644302
-0.0222027
 -0.484219
0.99688134 -0.00680436 -0.07862118
0.01473182 0.99480815 0.10069613
0.07752782 -0.10154033 0.99180593
0.10034333
85
 0.0645718
-0.0233398
 -0.484216
0.99730870 -0.00014654 -0.07331675
0.00942812 0.99195166 0.12626563
0.07270817 -0.12661705 0.98928340
0.11480723
86
 0.0647899
-0.0229148
 -0.484248
0.99740493 -0.00214543 -0.07196383
0.00945716 0.99479907 0.10141685
0.07137197 -0.10183424 0.99223779
0.09522521
87
 0.0653457
-0.0220324
 -0.484238
0.99663788 -0.00635498 -0.08168569
0.01261560 0.99700074 0.07635691
0.08095544 -0.07713071 0.99372887
0.10402073
88
 0.0655654
-0.0218418
 -0.484336
0.99716338 0.00078053 -0.07526347
0.00542123 0.99660431 0.08216112
0.07507203 -0.08233608 0.99377309
0.10495086
89
 0.0660141
-0.0216934
 -0.484402
0.99675089 -0.00411036 -0.08044108
0.01088303 0.99641155 0.08393799
0.07980741 -0.08454071 0.99321883
0.10117094
90
0.0657677
-0.022076
-0.484376
0.99792014 -0.00034232 -0.06446140
0.00685838 0.99487388 0.10089062
0.06409643 -0.10112288 0.99280704
0.08713046
91
 0.0658763
-0.0214797
 -0.484376
0.99781604 0.00151753 -0.06603668
0.00401591 0.99649297 0.08358004
0.06593192 -0.08366271 0.99431058
0.09849161
92
 0.0656123
-0.0217075
 -0.484363
0.99841943 0.00003776 -0.05620178
0.00541173 0.99528840 0.09680765
0.05594064 -0.09695879 0.99371507
0.08707519
93
 0.0653843
-0.0220459
 -0.484385
0.99861233 -0.00208669 -0.05262189
0.00764634 0.99437139 0.10567438
0.05210519 -0.10593010 0.99300748
0.09361629
94
 0.0649913
-0.0227793
 -0.484347
0.99895722 0.00042418 -0.04565415
0.00514049 0.99255350 0.12170097
0.04536581 -0.12180875 0.99151630
0.09979106
95
0.0651772
-0.022093
-0.484389
0.99827732 -0.00135832 -0.05865611
0.00664076 0.99592349 0.08995717
0.05829481 -0.09019172 0.99421686
0.09339071
96
 0.0651207
-0.0214532
 -0.484395
0.99833447 0.00015966 -0.05769110
0.00420592 0.99713372 0.07554241
0.05753780 -0.07565923 0.99547229
0.09670359
97
 0.0648016
-0.0217997
 -0.484391
0.99876756 0.00092095 -0.04962366
0.00386955 0.99533960 0.09635404
0.04948113 -0.09642731 0.99410935
0.08831890
98
 0.0649333
-0.0215828
 -0.484369
0.99823845 0.00308684 -0.05924922
0.00230811 0.99586909 0.09077131
0.05928466 -0.09074817 0.99410769
0.09518529
99
 0.0644222
-0.0217434
 -0.484373
0.99900289 0.00019104 -0.04464520
0.00421576 0.99511901 0.09859205
0.04444613 -0.09868195 0.99412595
0.09447110
100
  0.064134
-0.0224824
 -0.484415
0.99901240 -0.00024081 -0.04443150
0.00554642 0.99283957 0.11932653
0.04408462 -0.11945512 0.99186038
0.10474578
